0	3
0	5
0	6
0	10
0	11
0	18
0	20
0	21
0	26
0	27
0	31
0	32
0	36
0	38
0	39
0	45
0	48
0	49
0	52
0	54
0	56
0	57
0	59
0	60
0	62
0	63
0	64
0	69
0	70
0	71
0	72
0	73
0	74
0	75
0	76
0	77
0	79
0	81
0	85
0	86
0	87
0	88
0	89
0	92
0	95
0	96
0	99
0	129
0	250
0	377
0	396
1	4
1	5
1	9
1	12
1	13
1	14
1	22
1	28
1	31
1	33
1	37
1	39
1	41
1	43
1	44
1	48
1	49
1	53
1	58
1	60
1	64
1	66
1	69
1	70
1	71
1	72
1	74
1	79
1	80
1	81
1	82
1	87
1	88
1	89
1	93
1	95
1	97
1	183
2	3
2	4
2	6
2	8
2	11
2	12
2	13
2	14
2	15
2	17
2	18
2	19
2	23
2	26
2	27
2	30
2	34
2	35
2	36
2	38
2	41
2	42
2	43
2	45
2	48
2	51
2	60
2	62
2	63
2	66
2	67
2	69
2	70
2	71
2	72
2	74
2	75
2	81
2	82
2	83
2	84
2	87
2	88
2	92
2	94
2	97
2	98
2	99
2	278
2	323
2	353
3	5
3	7
3	9
3	11
3	13
3	14
3	15
3	18
3	20
3	22
3	23
3	28
3	30
3	31
3	32
3	35
3	37
3	42
3	43
3	44
3	46
3	47
3	50
3	54
3	55
3	56
3	57
3	59
3	63
3	64
3	67
3	68
3	70
3	71
3	73
3	75
3	77
3	81
3	85
3	90
3	93
3	235
3	354
3	363
3	376
4	10
4	11
4	15
4	18
4	20
4	24
4	25
4	27
4	28
4	31
4	32
4	33
4	34
4	35
4	36
4	37
4	38
4	40
4	42
4	49
4	52
4	53
4	55
4	56
4	58
4	61
4	62
4	65
4	67
4	68
4	70
4	71
4	72
4	73
4	74
4	75
4	78
4	79
4	80
4	83
4	84
4	85
4	92
4	94
4	95
4	97
4	133
4	165
4	205
4	271
4	344
5	9
5	10
5	14
5	15
5	16
5	17
5	18
5	20
5	22
5	24
5	25
5	31
5	33
5	34
5	40
5	41
5	49
5	51
5	60
5	61
5	65
5	70
5	75
5	77
5	78
5	79
5	81
5	84
5	85
5	86
5	89
5	92
5	93
5	94
5	97
5	99
5	174
5	345
5	375
6	8
6	9
6	11
6	13
6	15
6	18
6	19
6	20
6	21
6	23
6	27
6	28
6	30
6	31
6	34
6	38
6	39
6	45
6	47
6	49
6	60
6	63
6	64
6	68
6	71
6	74
6	75
6	76
6	77
6	79
6	80
6	88
6	89
6	91
6	94
6	96
6	97
6	122
6	259
6	322
7	11
7	13
7	17
7	22
7	23
7	27
7	28
7	30
7	33
7	34
7	35
7	36
7	37
7	40
7	41
7	43
7	47
7	48
7	49
7	50
7	52
7	53
7	56
7	58
7	59
7	60
7	65
7	67
7	72
7	74
7	78
7	79
7	82
7	83
7	84
7	87
7	88
7	92
7	93
7	94
7	95
7	96
7	98
7	99
7	326
7	364
8	10
8	12
8	13
8	16
8	18
8	19
8	22
8	27
8	28
8	30
8	33
8	36
8	37
8	38
8	39
8	40
8	42
8	44
8	52
8	53
8	54
8	56
8	59
8	60
8	64
8	65
8	66
8	67
8	71
8	75
8	76
8	78
8	79
8	81
8	82
8	83
8	86
8	89
8	90
8	91
8	200
8	215
8	290
9	10
9	12
9	13
9	16
9	17
9	18
9	19
9	20
9	27
9	29
9	30
9	33
9	34
9	35
9	40
9	44
9	45
9	49
9	53
9	59
9	60
9	62
9	65
9	67
9	69
9	72
9	77
9	78
9	80
9	81
9	82
9	86
9	88
9	91
9	95
9	97
9	98
9	207
9	232
9	257
10	11
10	14
10	15
10	17
10	18
10	19
10	20
10	21
10	22
10	23
10	26
10	33
10	36
10	37
10	38
10	39
10	42
10	43
10	44
10	46
10	47
10	48
10	54
10	55
10	56
10	57
10	62
10	64
10	67
10	68
10	72
10	75
10	78
10	79
10	80
10	84
10	86
10	87
10	89
10	90
10	93
10	95
10	159
10	181
10	351
11	12
11	13
11	14
11	21
11	25
11	27
11	32
11	33
11	34
11	36
11	39
11	40
11	41
11	45
11	50
11	51
11	52
11	54
11	63
11	66
11	67
11	69
11	72
11	73
11	74
11	76
11	83
11	84
11	85
11	88
11	89
11	90
11	92
11	96
11	97
11	99
11	107
11	155
11	175
11	230
11	336
12	13
12	14
12	15
12	19
12	26
12	33
12	34
12	37
12	39
12	40
12	46
12	48
12	49
12	50
12	52
12	53
12	62
12	63
12	65
12	69
12	70
12	72
12	75
12	76
12	77
12	79
12	89
12	93
12	95
12	98
12	99
12	176
12	244
12	337
12	392
13	14
13	15
13	18
13	19
13	23
13	24
13	31
13	33
13	34
13	36
13	37
13	41
13	42
13	44
13	52
13	55
13	56
13	60
13	62
13	66
13	67
13	68
13	72
13	74
13	76
13	87
13	91
13	95
13	96
13	111
13	127
13	162
13	181
13	290
13	324
14	18
14	20
14	22
14	24
14	27
14	40
14	42
14	44
14	50
14	52
14	53
14	56
14	58
14	60
14	61
14	62
14	63
14	64
14	67
14	71
14	74
14	77
14	78
14	79
14	82
14	83
14	84
14	86
14	89
14	92
14	93
14	95
14	96
14	97
14	99
14	152
14	157
14	163
14	166
15	19
15	21
15	25
15	26
15	30
15	34
15	36
15	37
15	40
15	43
15	45
15	46
15	51
15	52
15	53
15	54
15	58
15	61
15	62
15	64
15	67
15	68
15	70
15	72
15	74
15	75
15	77
15	79
15	80
15	89
15	91
15	97
15	98
16	18
16	19
16	20
16	27
16	29
16	37
16	38
16	39
16	41
16	42
16	44
16	46
16	47
16	48
16	50
16	53
16	56
16	61
16	63
16	70
16	71
16	73
16	74
16	75
16	78
16	79
16	82
16	84
16	88
16	91
16	99
16	116
16	313
17	21
17	25
17	27
17	29
17	31
17	32
17	33
17	35
17	36
17	37
17	38
17	40
17	42
17	44
17	45
17	48
17	49
17	50
17	51
17	61
17	63
17	66
17	67
17	68
17	69
17	72
17	75
17	76
17	77
17	79
17	80
17	81
17	82
17	83
17	86
17	90
17	93
17	94
17	95
17	96
17	97
17	99
17	182
17	238
17	246
18	20
18	22
18	26
18	29
18	33
18	37
18	40
18	44
18	46
18	50
18	54
18	55
18	57
18	60
18	63
18	64
18	68
18	69
18	70
18	75
18	76
18	77
18	80
18	83
18	84
18	89
18	94
18	95
18	97
18	192
18	199
18	262
18	321
18	326
19	25
19	27
19	28
19	32
19	35
19	37
19	38
19	41
19	43
19	44
19	47
19	51
19	52
19	54
19	55
19	56
19	58
19	60
19	63
19	70
19	73
19	77
19	79
19	81
19	82
19	83
19	84
19	88
19	89
19	91
19	92
19	98
19	230
19	235
19	288
19	340
19	347
19	355
20	21
20	24
20	26
20	27
20	29
20	30
20	31
20	36
20	37
20	40
20	44
20	46
20	47
20	48
20	49
20	52
20	54
20	55
20	57
20	58
20	64
20	65
20	70
20	71
20	73
20	74
20	75
20	76
20	79
20	86
20	88
20	90
20	92
20	94
20	95
20	262
20	341
21	22
21	24
21	26
21	27
21	31
21	32
21	35
21	36
21	39
21	43
21	46
21	47
21	48
21	49
21	51
21	53
21	61
21	62
21	64
21	65
21	66
21	67
21	72
21	73
21	74
21	76
21	77
21	79
21	83
21	85
21	87
21	88
21	90
21	92
21	93
21	95
21	96
21	98
21	99
21	174
21	183
21	362
22	29
22	31
22	32
22	33
22	34
22	36
22	37
22	42
22	43
22	45
22	47
22	49
22	50
22	51
22	54
22	55
22	60
22	61
22	62
22	67
22	75
22	76
22	78
22	79
22	82
22	83
22	86
22	88
22	90
22	93
22	94
22	95
22	96
22	97
22	99
22	123
22	242
22	269
23	26
23	27
23	32
23	37
23	38
23	40
23	44
23	46
23	47
23	50
23	51
23	55
23	58
23	61
23	65
23	66
23	67
23	68
23	75
23	79
23	81
23	83
23	84
23	85
23	86
23	87
23	92
23	94
23	147
23	267
23	362
23	385
23	390
23	394
24	26
24	28
24	29
24	33
24	37
24	38
24	39
24	42
24	43
24	47
24	55
24	57
24	69
24	72
24	77
24	79
24	80
24	81
24	84
24	86
24	87
24	89
24	93
24	94
24	95
24	98
24	99
24	107
24	129
24	231
24	235
25	27
25	30
25	31
25	34
25	35
25	37
25	38
25	39
25	40
25	43
25	46
25	48
25	55
25	56
25	57
25	63
25	66
25	70
25	79
25	80
25	85
25	89
25	90
25	91
25	93
25	94
25	96
25	205
26	28
26	29
26	31
26	32
26	33
26	35
26	37
26	38
26	41
26	42
26	44
26	49
26	53
26	54
26	58
26	63
26	66
26	67
26	68
26	72
26	74
26	77
26	78
26	80
26	84
26	88
26	89
26	92
26	94
26	96
26	97
26	98
26	99
26	190
26	194
27	28
27	30
27	31
27	36
27	37
27	38
27	39
27	42
27	43
27	44
27	45
27	48
27	50
27	51
27	53
27	54
27	57
27	60
27	62
27	65
27	67
27	68
27	69
27	71
27	72
27	75
27	77
27	80
27	81
27	83
27	84
27	85
27	87
27	89
27	90
27	93
27	96
27	97
27	99
27	127
27	188
27	225
27	237
27	243
27	274
27	315
28	29
28	31
28	36
28	37
28	40
28	44
28	45
28	47
28	48
28	56
28	57
28	60
28	62
28	65
28	66
28	69
28	71
28	72
28	75
28	77
28	79
28	82
28	83
28	85
28	86
28	87
28	88
28	91
28	92
28	96
28	99
28	187
28	188
28	286
29	31
29	32
29	35
29	39
29	40
29	44
29	45
29	46
29	47
29	54
29	56
29	58
29	63
29	65
29	67
29	71
29	72
29	75
29	76
29	77
29	82
29	83
29	84
29	85
29	86
29	92
29	96
29	98
29	103
29	126
29	146
29	194
29	264
30	34
30	41
30	44
30	46
30	50
30	52
30	53
30	57
30	59
30	63
30	64
30	66
30	73
30	76
30	84
30	85
30	86
30	88
30	92
30	97
30	98
30	99
30	112
30	280
30	345
30	352
31	32
31	36
31	37
31	38
31	40
31	41
31	42
31	43
31	49
31	52
31	55
31	56
31	58
31	59
31	65
31	67
31	69
31	75
31	76
31	78
31	83
31	85
31	89
31	94
31	95
31	116
31	208
31	322
32	37
32	38
32	43
32	46
32	54
32	59
32	63
32	64
32	65
32	66
32	67
32	70
32	71
32	72
32	77
32	81
32	84
32	86
32	88
32	91
32	95
32	96
32	99
32	225
32	358
32	391
33	34
33	35
33	39
33	41
33	42
33	43
33	44
33	46
33	47
33	50
33	51
33	56
33	57
33	59
33	60
33	61
33	66
33	69
33	71
33	72
33	77
33	80
33	87
33	90
33	93
33	94
33	96
33	98
33	108
33	304
33	309
34	37
34	38
34	40
34	44
34	45
34	46
34	50
34	51
34	53
34	54
34	56
34	62
34	63
34	65
34	67
34	70
34	71
34	72
34	73
34	74
34	75
34	76
34	78
34	82
34	83
34	84
34	85
34	88
34	89
34	90
34	93
34	95
34	97
34	98
34	99
34	124
34	207
34	365
35	37
35	42
35	44
35	47
35	53
35	54
35	55
35	59
35	65
35	67
35	68
35	72
35	74
35	80
35	86
35	91
35	93
35	96
35	170
35	202
35	213
35	219
35	262
36	42
36	47
36	51
36	52
36	53
36	54
36	59
36	61
36	63
36	65
36	66
36	69
36	71
36	75
36	83
36	86
36	88
36	97
36	98
36	154
36	203
36	356
37	41
37	42
37	43
37	46
37	48
37	54
37	56
37	57
37	59
37	60
37	63
37	64
37	65
37	75
37	77
37	79
37	81
37	85
37	87
37	96
37	97
37	99
37	214
37	335
37	347
38	39
38	41
38	42
38	45
38	49
38	50
38	51
38	52
38	53
38	56
38	57
38	59
38	60
38	62
38	63
38	64
38	66
38	69
38	74
38	75
38	79
38	80
38	83
38	90
38	92
38	96
38	98
38	111
39	41
39	42
39	44
39	45
39	48
39	51
39	52
39	53
39	54
39	56
39	57
39	62
39	64
39	65
39	68
39	73
39	74
39	75
39	79
39	80
39	81
39	84
39	88
39	90
39	91
39	92
39	94
39	96
39	98
40	49
40	53
40	55
40	58
40	65
40	68
40	70
40	75
40	77
40	80
40	81
40	82
40	83
40	85
40	87
40	91
40	92
40	93
40	95
40	96
40	97
40	218
40	349
41	42
41	43
41	45
41	50
41	52
41	53
41	55
41	56
41	58
41	65
41	66
41	70
41	72
41	75
41	77
41	78
41	79
41	81
41	82
41	84
41	85
41	88
41	91
41	92
41	93
41	96
41	97
41	151
41	226
41	285
42	50
42	53
42	59
42	60
42	63
42	66
42	67
42	68
42	70
42	79
42	81
42	87
42	91
42	97
42	108
42	259
42	300
43	47
43	49
43	52
43	53
43	56
43	57
43	61
43	65
43	66
43	67
43	68
43	72
43	78
43	79
43	80
43	84
43	87
43	88
43	91
43	94
43	99
43	122
43	166
43	173
43	219
43	333
43	339
44	45
44	46
44	53
44	58
44	62
44	68
44	69
44	70
44	73
44	74
44	75
44	77
44	81
44	82
44	83
44	85
44	89
44	92
44	93
44	97
44	112
44	131
45	47
45	49
45	52
45	53
45	54
45	56
45	57
45	58
45	60
45	61
45	63
45	68
45	72
45	74
45	82
45	86
45	90
45	93
45	95
45	96
45	97
45	145
45	220
46	48
46	51
46	55
46	56
46	57
46	58
46	59
46	62
46	63
46	64
46	67
46	73
46	75
46	78
46	82
46	83
46	84
46	85
46	87
46	92
46	93
46	94
46	343
47	48
47	51
47	53
47	56
47	57
47	58
47	60
47	61
47	63
47	64
47	67
47	71
47	78
47	84
47	85
47	89
47	93
47	98
47	308
47	360
48	49
48	50
48	53
48	55
48	59
48	60
48	62
48	63
48	66
48	68
48	69
48	70
48	71
48	77
48	78
48	79
48	80
48	81
48	82
48	85
48	86
48	87
48	90
48	94
48	95
48	96
48	97
48	118
48	146
48	165
48	181
49	50
49	51
49	53
49	60
49	61
49	62
49	64
49	65
49	68
49	73
49	74
49	76
49	79
49	80
49	81
49	82
49	84
49	87
49	88
49	89
49	90
49	92
49	94
49	95
49	96
49	97
49	98
50	52
50	54
50	59
50	66
50	67
50	69
50	71
50	78
50	79
50	81
50	84
50	85
50	86
50	88
50	91
50	92
50	93
50	95
50	96
50	97
50	99
50	181
50	299
50	384
51	53
51	56
51	57
51	58
51	59
51	69
51	70
51	73
51	80
51	82
51	84
51	170
51	278
51	324
52	53
52	54
52	58
52	59
52	66
52	75
52	77
52	81
52	86
52	88
52	89
52	91
52	99
52	102
52	302
52	347
53	54
53	58
53	59
53	61
53	62
53	65
53	69
53	70
53	73
53	74
53	76
53	78
53	79
53	81
53	82
53	84
53	85
53	90
53	92
53	94
53	95
53	98
53	99
53	138
53	321
53	333
54	60
54	61
54	65
54	66
54	67
54	70
54	72
54	73
54	75
54	76
54	81
54	84
54	85
54	87
54	88
54	89
54	91
54	92
54	94
54	95
54	96
54	97
54	99
54	118
54	326
55	58
55	59
55	60
55	61
55	62
55	69
55	70
55	74
55	79
55	80
55	83
55	87
55	89
55	94
55	96
55	98
55	164
55	339
56	58
56	61
56	63
56	67
56	71
56	74
56	75
56	77
56	82
56	83
56	84
56	85
56	88
56	90
56	91
56	94
56	95
56	96
56	97
56	181
56	304
56	332
57	59
57	64
57	70
57	75
57	77
57	79
57	81
57	84
57	88
57	90
57	94
57	95
57	97
57	99
57	228
57	282
57	301
58	61
58	63
58	64
58	68
58	71
58	72
58	73
58	74
58	75
58	76
58	83
58	86
58	89
58	93
58	254
58	298
58	340
58	365
59	62
59	63
59	65
59	66
59	68
59	70
59	73
59	74
59	75
59	79
59	81
59	83
59	85
59	87
59	89
59	93
59	94
59	97
59	310
60	61
60	63
60	65
60	67
60	74
60	76
60	78
60	86
60	92
60	93
60	96
60	97
60	99
60	184
61	63
61	68
61	69
61	70
61	71
61	75
61	82
61	85
61	88
61	92
61	93
61	94
61	97
61	103
61	166
61	346
61	354
61	360
62	65
62	67
62	70
62	71
62	72
62	74
62	78
62	80
62	84
62	85
62	88
62	92
62	93
62	95
62	97
62	99
62	105
62	132
62	243
62	292
62	293
62	369
63	66
63	67
63	68
63	69
63	72
63	75
63	79
63	83
63	88
63	94
63	96
63	97
63	98
63	99
63	114
63	151
63	229
63	304
63	325
63	378
64	67
64	70
64	74
64	79
64	80
64	87
64	92
64	96
64	98
64	150
64	351
65	68
65	69
65	75
65	76
65	77
65	79
65	81
65	83
65	88
65	89
65	97
65	98
65	125
65	258
65	327
65	366
66	69
66	70
66	73
66	75
66	80
66	81
66	87
66	90
66	97
66	160
66	280
66	322
66	391
67	69
67	75
67	79
67	81
67	83
67	84
67	86
67	89
67	90
67	91
67	92
67	94
67	95
67	97
67	99
67	369
68	69
68	70
68	72
68	73
68	74
68	75
68	77
68	78
68	79
68	83
68	85
68	88
68	91
68	92
68	93
68	96
68	97
68	98
68	99
68	140
68	293
68	365
69	74
69	76
69	80
69	83
69	84
69	85
69	87
69	90
69	94
69	96
69	98
69	252
69	328
69	346
69	383
70	74
70	75
70	76
70	80
70	81
70	87
70	90
70	92
70	93
70	94
70	95
70	99
70	176
70	325
70	366
70	390
71	76
71	87
71	89
71	91
71	92
71	93
71	94
71	96
71	125
72	73
72	80
72	83
72	87
72	90
72	91
72	92
72	93
72	96
72	97
72	98
72	369
73	76
73	80
73	92
73	93
73	95
73	96
73	99
73	200
73	237
73	252
74	79
74	80
74	81
74	82
74	87
74	88
74	90
74	91
74	93
74	94
74	95
74	96
74	97
74	99
74	153
74	197
74	290
74	327
75	76
75	77
75	78
75	80
75	82
75	85
75	89
75	90
75	98
75	99
76	83
76	85
76	87
76	90
76	91
76	92
76	94
76	95
76	98
76	134
76	138
76	154
76	203
77	84
77	86
77	87
77	88
77	89
77	90
77	97
77	99
77	199
77	396
78	81
78	82
78	83
78	85
78	87
78	90
78	95
78	97
78	99
78	140
78	278
79	80
79	82
79	85
79	89
79	90
79	94
79	95
79	116
79	246
79	328
79	352
80	82
80	86
80	87
80	88
80	91
80	93
80	96
80	97
80	98
80	99
80	322
80	373
81	83
81	86
81	88
81	89
81	90
81	93
81	96
81	97
81	98
81	99
81	168
81	266
81	269
81	302
81	374
82	83
82	84
82	87
82	89
82	91
82	93
82	95
82	96
82	98
82	99
82	117
82	127
82	285
82	319
82	391
83	84
83	87
83	89
83	95
83	97
83	99
83	271
83	294
83	337
84	87
84	91
84	92
84	93
84	95
84	97
85	89
85	91
85	92
85	94
85	97
85	118
85	348
86	87
86	89
86	90
86	92
86	93
86	97
86	266
86	374
87	90
87	92
87	93
87	94
87	97
87	98
87	197
87	245
87	383
87	391
88	89
88	91
88	93
88	121
88	149
88	150
88	211
88	227
88	373
89	90
89	92
89	95
89	97
89	99
89	123
89	137
89	212
89	346
89	364
89	383
90	91
90	92
90	93
90	95
90	98
90	161
90	178
90	250
91	93
91	96
91	98
91	99
91	347
92	96
92	98
92	99
92	130
92	160
92	191
92	225
92	260
92	286
92	394
93	97
93	98
93	135
93	197
93	222
94	95
94	96
94	98
94	99
94	100
94	154
94	163
94	197
95	96
95	98
95	115
95	127
95	142
95	191
95	210
95	341
95	387
96	97
96	98
96	117
96	148
96	202
96	208
96	249
96	335
96	388
97	98
97	153
97	237
98	150
98	167
98	171
98	179
98	229
99	179
99	253
99	281
99	356
100	102
100	103
100	106
100	107
100	108
100	109
100	114
100	115
100	119
100	121
100	125
100	126
100	127
100	129
100	132
100	133
100	135
100	137
100	138
100	140
100	144
100	147
100	151
100	152
100	153
100	155
100	156
100	162
100	163
100	166
100	167
100	169
100	170
100	172
100	173
100	174
100	176
100	178
100	179
100	180
100	181
100	182
100	184
100	186
100	187
100	189
100	190
100	192
100	193
100	196
100	197
100	198
100	323
100	334
100	357
101	103
101	104
101	105
101	110
101	111
101	117
101	118
101	120
101	126
101	129
101	131
101	132
101	133
101	136
101	137
101	140
101	142
101	143
101	148
101	150
101	156
101	162
101	163
101	165
101	166
101	171
101	172
101	174
101	175
101	178
101	179
101	183
101	184
101	194
101	196
101	199
101	323
101	385
102	104
102	105
102	106
102	107
102	111
102	118
102	121
102	123
102	124
102	126
102	127
102	129
102	130
102	133
102	137
102	138
102	139
102	141
102	143
102	144
102	146
102	147
102	150
102	153
102	154
102	158
102	160
102	163
102	166
102	167
102	169
102	170
102	174
102	175
102	177
102	178
102	181
102	182
102	184
102	187
102	189
102	194
102	195
102	198
102	257
102	287
103	105
103	107
103	108
103	111
103	112
103	118
103	122
103	125
103	126
103	129
103	130
103	131
103	133
103	140
103	142
103	148
103	149
103	150
103	151
103	152
103	153
103	154
103	161
103	164
103	168
103	170
103	174
103	175
103	178
103	180
103	183
103	184
103	187
103	192
103	194
103	195
103	196
103	218
103	240
103	298
103	356
104	105
104	113
104	114
104	115
104	119
104	120
104	121
104	131
104	136
104	137
104	138
104	140
104	141
104	145
104	146
104	147
104	149
104	157
104	163
104	164
104	165
104	166
104	168
104	169
104	171
104	172
104	174
104	180
104	185
104	189
104	199
104	340
105	106
105	107
105	108
105	110
105	112
105	114
105	117
105	119
105	125
105	126
105	132
105	137
105	143
105	144
105	146
105	147
105	148
105	149
105	150
105	153
105	156
105	157
105	159
105	160
105	163
105	165
105	166
105	167
105	169
105	170
105	172
105	176
105	180
105	181
105	187
105	190
105	191
105	192
105	193
105	194
105	195
105	197
105	198
105	199
105	294
105	335
106	107
106	108
106	109
106	110
106	111
106	112
106	114
106	118
106	119
106	120
106	124
106	125
106	126
106	127
106	128
106	129
106	131
106	133
106	134
106	136
106	138
106	140
106	141
106	143
106	144
106	147
106	149
106	151
106	155
106	158
106	161
106	163
106	167
106	172
106	174
106	176
106	180
106	181
106	184
106	185
106	191
106	192
106	193
106	197
106	198
106	199
106	206
106	344
107	108
107	110
107	111
107	112
107	115
107	118
107	123
107	124
107	128
107	129
107	132
107	133
107	134
107	135
107	137
107	140
107	141
107	142
107	143
107	146
107	153
107	155
107	158
107	161
107	163
107	164
107	169
107	175
107	176
107	178
107	181
107	184
107	187
107	192
107	193
107	195
107	198
107	251
107	301
108	109
108	110
108	114
108	118
108	124
108	126
108	129
108	135
108	136
108	139
108	140
108	147
108	155
108	156
108	158
108	160
108	163
108	167
108	168
108	170
108	172
108	173
108	176
108	177
108	178
108	182
108	183
108	185
108	188
108	193
108	194
108	196
108	197
108	251
108	254
108	334
108	378
109	111
109	112
109	113
109	115
109	116
109	117
109	118
109	123
109	124
109	126
109	128
109	132
109	135
109	136
109	138
109	142
109	143
109	146
109	150
109	157
109	160
109	162
109	163
109	164
109	168
109	169
109	170
109	171
109	178
109	179
109	180
109	186
109	189
109	191
109	192
109	194
109	195
109	197
109	287
109	338
110	111
110	112
110	114
110	116
110	117
110	118
110	119
110	122
110	123
110	124
110	129
110	136
110	137
110	138
110	143
110	145
110	147
110	151
110	155
110	156
110	158
110	159
110	165
110	166
110	167
110	168
110	170
110	175
110	183
110	184
110	186
110	187
110	192
110	193
110	199
110	215
110	267
110	300
110	315
110	338
110	353
111	117
111	120
111	121
111	123
111	126
111	132
111	136
111	137
111	138
111	139
111	145
111	148
111	151
111	155
111	157
111	158
111	160
111	162
111	164
111	165
111	166
111	168
111	169
111	170
111	172
111	174
111	178
111	180
111	185
111	191
111	194
111	199
111	212
112	114
112	115
112	119
112	123
112	126
112	129
112	133
112	143
112	145
112	149
112	154
112	157
112	159
112	160
112	166
112	176
112	178
112	179
112	183
112	186
112	187
112	189
112	190
112	192
112	193
112	194
112	204
112	206
112	359
113	120
113	121
113	122
113	124
113	126
113	127
113	132
113	136
113	140
113	141
113	142
113	145
113	152
113	155
113	156
113	157
113	161
113	163
113	169
113	174
113	175
113	176
113	180
113	181
113	186
113	187
113	192
113	195
114	120
114	121
114	124
114	126
114	129
114	131
114	133
114	139
114	140
114	141
114	143
114	144
114	147
114	149
114	150
114	151
114	152
114	156
114	157
114	158
114	161
114	163
114	164
114	165
114	167
114	168
114	171
114	174
114	177
114	179
114	183
114	184
114	327
115	116
115	117
115	119
115	122
115	124
115	127
115	129
115	130
115	134
115	136
115	137
115	138
115	141
115	142
115	143
115	144
115	147
115	157
115	159
115	162
115	164
115	166
115	171
115	173
115	175
115	176
115	177
115	178
115	179
115	183
115	185
115	187
115	188
115	191
115	192
115	195
115	250
116	117
116	121
116	122
116	126
116	129
116	130
116	133
116	140
116	141
116	147
116	149
116	151
116	153
116	156
116	157
116	161
116	162
116	166
116	169
116	171
116	176
116	179
116	180
116	181
116	182
116	185
116	187
116	190
116	198
116	278
116	297
116	338
117	119
117	121
117	122
117	126
117	127
117	129
117	131
117	132
117	133
117	134
117	135
117	137
117	139
117	140
117	141
117	142
117	145
117	146
117	148
117	149
117	151
117	152
117	153
117	155
117	162
117	163
117	167
117	170
117	171
117	173
117	177
117	180
117	181
117	182
117	183
117	186
117	187
117	188
117	189
117	192
117	193
117	197
117	198
117	199
117	229
118	121
118	126
118	127
118	128
118	134
118	135
118	136
118	137
118	143
118	145
118	147
118	153
118	155
118	157
118	159
118	161
118	167
118	171
118	175
118	177
118	178
118	179
118	180
118	187
118	188
118	189
118	195
118	198
118	217
118	244
118	293
119	124
119	125
119	140
119	142
119	145
119	149
119	153
119	155
119	156
119	158
119	159
119	160
119	164
119	171
119	172
119	174
119	175
119	176
119	179
119	183
119	184
119	185
119	190
119	194
119	195
119	196
119	197
120	127
120	129
120	133
120	134
120	136
120	139
120	141
120	143
120	144
120	147
120	148
120	150
120	152
120	154
120	158
120	161
120	162
120	164
120	166
120	167
120	168
120	171
120	172
120	177
120	178
120	186
120	187
120	188
120	190
120	192
120	193
120	197
120	199
120	294
120	334
120	387
121	123
121	125
121	130
121	133
121	135
121	136
121	137
121	139
121	140
121	141
121	142
121	145
121	148
121	150
121	152
121	156
121	157
121	159
121	164
121	166
121	169
121	170
121	172
121	174
121	176
121	177
121	183
121	184
121	185
121	187
121	190
121	372
122	125
122	127
122	128
122	130
122	139
122	140
122	143
122	151
122	152
122	155
122	157
122	158
122	159
122	160
122	161
122	163
122	164
122	169
122	171
122	176
122	178
122	179
122	183
122	185
122	187
122	188
122	189
122	190
122	192
122	196
122	198
122	199
122	230
122	266
123	124
123	125
123	129
123	130
123	131
123	132
123	133
123	134
123	135
123	142
123	145
123	146
123	157
123	158
123	160
123	165
123	166
123	167
123	168
123	171
123	172
123	174
123	176
123	177
123	178
123	181
123	182
123	183
123	184
123	186
123	189
123	192
123	195
123	198
123	199
123	332
124	127
124	130
124	131
124	132
124	133
124	134
124	137
124	138
124	143
124	146
124	150
124	152
124	154
124	155
124	158
124	159
124	163
124	165
124	168
124	169
124	171
124	173
124	177
124	183
124	186
124	187
124	189
124	195
124	196
124	199
124	205
124	236
124	250
124	297
124	304
125	126
125	129
125	130
125	132
125	133
125	134
125	135
125	136
125	137
125	141
125	142
125	143
125	144
125	145
125	146
125	150
125	151
125	152
125	157
125	158
125	159
125	160
125	162
125	164
125	165
125	166
125	167
125	175
125	176
125	180
125	185
125	188
125	191
125	192
125	194
125	195
125	196
125	198
125	259
125	282
125	378
126	127
126	128
126	131
126	132
126	134
126	135
126	137
126	138
126	139
126	141
126	142
126	144
126	145
126	147
126	148
126	149
126	155
126	156
126	160
126	162
126	164
126	165
126	168
126	169
126	171
126	172
126	173
126	178
126	180
126	181
126	183
126	185
126	186
126	187
126	191
126	192
126	194
126	195
126	196
126	198
126	199
126	258
126	387
127	131
127	132
127	133
127	135
127	140
127	142
127	146
127	149
127	155
127	156
127	158
127	159
127	160
127	162
127	167
127	168
127	170
127	173
127	177
127	178
127	179
127	180
127	182
127	185
127	186
127	189
127	196
127	198
128	129
128	130
128	131
128	135
128	136
128	138
128	145
128	146
128	151
128	153
128	154
128	157
128	158
128	162
128	166
128	167
128	168
128	169
128	170
128	175
128	176
128	179
128	182
128	184
128	185
128	188
128	192
128	193
128	196
128	353
129	133
129	135
129	137
129	138
129	141
129	150
129	151
129	152
129	155
129	156
129	157
129	158
129	159
129	162
129	163
129	165
129	166
129	167
129	168
129	169
129	177
129	178
129	184
129	185
129	195
129	196
129	197
130	131
130	133
130	135
130	136
130	138
130	140
130	144
130	147
130	149
130	151
130	154
130	157
130	164
130	171
130	172
130	173
130	177
130	178
130	180
130	181
130	182
130	188
130	189
130	190
130	193
130	194
130	197
130	335
130	378
130	379
131	132
131	133
131	134
131	135
131	141
131	143
131	147
131	149
131	151
131	154
131	157
131	158
131	164
131	167
131	168
131	174
131	177
131	179
131	180
131	183
131	184
131	186
131	191
131	192
131	194
131	195
131	198
131	256
131	289
131	297
131	309
131	345
132	134
132	136
132	142
132	143
132	146
132	148
132	149
132	156
132	157
132	163
132	164
132	171
132	172
132	176
132	177
132	182
132	183
132	184
132	185
132	187
132	188
132	189
132	192
132	193
132	195
132	198
132	199
132	276
132	282
133	137
133	139
133	140
133	142
133	145
133	148
133	149
133	150
133	151
133	154
133	158
133	166
133	167
133	173
133	176
133	178
133	181
133	186
133	190
133	199
133	364
134	136
134	137
134	139
134	142
134	154
134	158
134	160
134	162
134	165
134	166
134	168
134	169
134	170
134	175
134	179
134	181
134	183
134	184
134	192
134	197
134	199
135	137
135	144
135	145
135	147
135	148
135	149
135	151
135	154
135	158
135	159
135	160
135	163
135	168
135	171
135	173
135	174
135	176
135	177
135	185
135	192
135	195
135	199
135	212
135	217
136	137
136	138
136	139
136	143
136	147
136	154
136	158
136	159
136	160
136	161
136	163
136	164
136	165
136	166
136	167
136	173
136	174
136	175
136	176
136	177
136	183
136	190
136	195
136	197
136	198
136	199
136	286
136	381
137	142
137	143
137	148
137	154
137	157
137	159
137	160
137	161
137	165
137	168
137	170
137	172
137	174
137	179
137	180
137	181
137	186
137	187
137	190
137	191
137	196
137	197
137	198
137	199
137	203
138	140
138	141
138	143
138	144
138	145
138	147
138	153
138	154
138	157
138	159
138	164
138	165
138	167
138	169
138	170
138	172
138	174
138	175
138	177
138	178
138	180
138	181
138	182
138	183
138	186
138	188
138	190
138	192
138	193
138	194
138	249
138	278
138	345
139	148
139	150
139	156
139	164
139	165
139	168
139	169
139	171
139	172
139	173
139	177
139	185
139	189
139	190
139	193
139	194
139	199
139	227
140	143
140	146
140	152
140	154
140	155
140	157
140	158
140	161
140	162
140	167
140	168
140	169
140	171
140	172
140	174
140	175
140	176
140	177
140	178
140	180
140	183
140	184
140	185
140	186
140	190
140	192
140	193
140	195
140	196
140	198
140	314
141	144
141	148
141	152
141	155
141	157
141	164
141	165
141	166
141	168
141	169
141	171
141	174
141	175
141	176
141	178
141	183
141	188
141	193
141	195
141	259
142	147
142	150
142	151
142	154
142	156
142	157
142	163
142	167
142	168
142	169
142	170
142	171
142	174
142	176
142	177
142	178
142	181
142	183
142	184
142	194
142	195
142	196
142	323
142	327
143	147
143	151
143	154
143	157
143	159
143	160
143	165
143	166
143	168
143	170
143	177
143	180
143	188
143	191
143	192
143	199
143	309
143	361
143	389
143	395
144	146
144	147
144	148
144	149
144	150
144	154
144	155
144	157
144	158
144	159
144	164
144	165
144	166
144	168
144	169
144	173
144	174
144	177
144	178
144	180
144	182
144	183
144	184
144	189
144	190
144	191
144	194
144	196
144	238
144	296
145	146
145	147
145	148
145	149
145	150
145	151
145	153
145	155
145	159
145	161
145	162
145	164
145	165
145	166
145	168
145	171
145	172
145	175
145	180
145	190
145	191
145	192
145	195
145	197
145	255
145	308
145	328
146	148
146	149
146	151
146	154
146	158
146	159
146	164
146	165
146	166
146	167
146	169
146	170
146	171
146	172
146	174
146	178
146	179
146	181
146	182
146	184
146	190
146	191
146	194
146	198
146	214
146	264
146	338
146	356
147	149
147	150
147	152
147	154
147	155
147	156
147	161
147	162
147	163
147	164
147	165
147	166
147	169
147	172
147	177
147	178
147	181
147	182
147	184
147	186
147	188
147	190
147	191
147	195
147	196
147	198
147	214
147	309
147	383
148	150
148	151
148	155
148	159
148	160
148	165
148	168
148	169
148	171
148	173
148	177
148	180
148	181
148	182
148	183
148	187
148	188
148	190
148	193
148	195
148	196
148	197
148	389
149	153
149	160
149	164
149	166
149	168
149	169
149	173
149	174
149	175
149	177
149	179
149	189
149	191
149	193
149	195
149	399
150	153
150	159
150	160
150	162
150	165
150	166
150	168
150	169
150	170
150	176
150	177
150	178
150	180
150	184
150	185
150	187
150	188
150	191
150	192
150	195
150	197
150	198
150	199
150	207
150	249
150	260
151	152
151	157
151	158
151	159
151	162
151	163
151	166
151	168
151	169
151	170
151	174
151	175
151	179
151	181
151	182
151	183
151	185
151	186
151	187
151	189
151	191
151	193
151	197
151	201
151	334
151	391
152	155
152	158
152	160
152	161
152	162
152	163
152	164
152	167
152	174
152	175
152	176
152	178
152	180
152	184
152	185
152	186
152	191
152	192
152	197
153	160
153	166
153	169
153	171
153	175
153	177
153	178
153	180
153	182
153	184
153	185
153	188
153	189
153	195
153	199
153	206
153	248
153	265
153	356
153	392
154	155
154	160
154	162
154	163
154	164
154	167
154	175
154	176
154	179
154	180
154	184
154	185
154	191
154	194
154	196
154	199
154	286
155	158
155	159
155	161
155	162
155	166
155	169
155	170
155	171
155	174
155	180
155	183
155	184
155	186
155	190
155	197
155	199
155	269
155	307
155	371
156	157
156	158
156	160
156	161
156	162
156	164
156	165
156	166
156	169
156	175
156	179
156	181
156	183
156	184
156	187
156	191
156	195
156	198
156	199
157	161
157	162
157	169
157	174
157	175
157	177
157	179
157	180
157	182
157	187
157	188
157	193
157	195
157	199
158	159
158	160
158	163
158	167
158	171
158	173
158	174
158	176
158	179
158	182
158	183
158	184
158	187
158	191
158	196
158	198
158	199
158	202
158	347
159	161
159	163
159	167
159	168
159	172
159	173
159	178
159	179
159	183
159	184
159	185
159	188
159	191
159	192
159	193
159	197
159	198
159	208
159	292
159	312
160	164
160	165
160	170
160	171
160	175
160	177
160	178
160	182
160	183
160	190
160	191
160	192
160	195
160	197
160	198
160	199
160	232
160	312
160	318
160	336
161	162
161	163
161	165
161	166
161	167
161	168
161	173
161	177
161	179
161	180
161	182
161	184
161	185
161	188
161	189
161	190
161	191
161	194
161	199
161	226
162	167
162	168
162	169
162	170
162	171
162	172
162	173
162	183
162	184
162	191
162	197
162	199
162	201
162	203
162	319
162	336
163	164
163	166
163	167
163	168
163	174
163	175
163	176
163	177
163	182
163	185
163	192
163	194
163	195
163	394
164	165
164	166
164	172
164	176
164	177
164	181
164	185
164	188
164	189
164	191
164	192
164	194
164	197
165	170
165	172
165	176
165	182
165	186
165	188
165	191
165	193
165	194
165	198
165	199
165	244
165	330
165	388
165	389
166	167
166	170
166	175
166	178
166	180
166	185
166	187
166	192
166	194
166	195
166	232
166	308
167	169
167	171
167	172
167	175
167	176
167	180
167	182
167	183
167	184
167	187
167	188
167	190
167	194
167	195
167	196
167	197
167	200
167	238
167	389
167	394
168	169
168	171
168	175
168	181
168	186
168	187
168	189
168	190
168	191
168	197
168	198
169	170
169	179
169	182
169	183
169	185
169	191
169	192
169	196
169	197
169	198
169	248
170	171
170	173
170	174
170	175
170	176
170	178
170	179
170	184
170	185
170	187
170	188
170	189
170	192
170	193
170	197
170	199
170	257
170	375
171	174
171	176
171	177
171	181
171	184
171	185
171	186
171	187
171	189
171	191
171	193
171	195
171	333
171	341
171	356
171	365
172	173
172	174
172	176
172	179
172	180
172	181
172	185
172	187
172	192
172	194
172	196
172	197
172	198
172	317
173	174
173	177
173	183
173	185
173	189
173	190
173	193
173	194
173	196
173	197
173	198
173	209
173	210
173	271
173	297
173	384
174	176
174	183
174	186
174	187
174	188
174	192
174	196
174	198
174	239
174	339
175	179
175	182
175	184
175	186
175	189
175	190
175	191
175	194
175	196
175	197
175	310
175	335
176	177
176	179
176	182
176	191
176	195
176	198
176	227
176	244
177	180
177	182
177	183
177	185
177	186
177	189
177	190
177	191
177	192
177	193
177	194
177	195
177	196
177	198
178	181
178	182
178	184
178	187
178	188
178	193
178	194
178	196
178	198
178	199
178	255
178	345
178	376
179	180
179	195
179	197
179	297
179	301
179	344
180	182
180	183
180	185
180	189
180	192
180	195
180	273
180	348
180	398
181	182
181	184
181	187
181	192
181	194
181	196
181	245
181	292
181	392
182	185
182	189
182	192
182	194
183	188
183	189
183	191
183	194
183	196
183	297
184	185
184	189
184	193
184	195
184	199
184	246
185	190
185	191
185	193
185	197
185	207
185	244
185	254
185	299
186	188
186	189
186	190
186	193
186	197
186	360
186	389
187	189
187	190
187	197
187	198
187	269
187	276
188	190
188	193
188	336
189	194
189	195
189	196
189	198
189	313
190	192
190	197
190	229
190	271
190	286
190	308
190	318
190	368
191	194
191	195
191	197
191	198
191	291
191	354
191	369
192	193
192	195
192	196
192	199
192	367
192	368
193	197
193	201
193	207
193	398
194	195
194	196
194	298
195	267
195	359
196	197
196	362
196	372
196	377
198	199
198	225
198	241
198	258
198	290
198	362
199	333
200	201
200	203
200	204
200	205
200	210
200	212
200	214
200	215
200	219
200	222
200	226
200	230
200	236
200	239
200	240
200	243
200	245
200	248
200	251
200	252
200	253
200	254
200	256
200	261
200	263
200	264
200	270
200	274
200	275
200	282
200	285
200	286
200	287
200	288
200	289
200	290
200	291
200	294
200	297
200	298
200	299
201	202
201	206
201	208
201	209
201	211
201	213
201	214
201	216
201	219
201	220
201	224
201	225
201	228
201	231
201	233
201	237
201	240
201	241
201	242
201	243
201	245
201	246
201	247
201	248
201	253
201	255
201	260
201	262
201	266
201	267
201	269
201	271
201	272
201	276
201	277
201	279
201	280
201	281
201	283
201	284
201	285
201	286
201	287
201	289
201	290
201	298
201	299
202	207
202	210
202	212
202	214
202	215
202	217
202	221
202	223
202	225
202	228
202	230
202	233
202	234
202	236
202	238
202	239
202	251
202	253
202	257
202	258
202	261
202	262
202	264
202	266
202	268
202	270
202	272
202	274
202	280
202	281
202	283
202	286
202	290
202	291
202	297
202	298
202	311
202	379
203	205
203	207
203	208
203	210
203	211
203	213
203	218
203	219
203	220
203	222
203	224
203	225
203	227
203	231
203	233
203	235
203	240
203	241
203	243
203	249
203	250
203	251
203	253
203	254
203	257
203	259
203	260
203	266
203	267
203	268
203	272
203	275
203	277
203	280
203	282
203	284
203	289
203	291
203	293
203	298
204	207
204	210
204	211
204	216
204	218
204	219
204	220
204	221
204	224
204	226
204	227
204	229
204	230
204	233
204	235
204	237
204	241
204	244
204	245
204	246
204	249
204	250
204	251
204	252
204	255
204	260
204	268
204	269
204	270
204	271
204	276
204	278
204	279
204	281
204	283
204	284
204	288
204	292
204	294
204	297
205	209
205	212
205	216
205	221
205	225
205	228
205	229
205	230
205	234
205	236
205	237
205	238
205	239
205	240
205	241
205	243
205	248
205	249
205	254
205	256
205	257
205	260
205	262
205	263
205	264
205	269
205	270
205	271
205	272
205	274
205	275
205	280
205	290
205	291
205	293
205	294
205	299
205	310
205	394
206	208
206	209
206	211
206	212
206	213
206	218
206	221
206	227
206	230
206	232
206	234
206	237
206	239
206	245
206	249
206	251
206	255
206	259
206	260
206	267
206	270
206	273
206	274
206	275
206	277
206	279
206	282
206	283
206	289
206	290
206	293
206	329
207	209
207	210
207	211
207	212
207	216
207	220
207	223
207	224
207	226
207	231
207	235
207	240
207	242
207	244
207	247
207	251
207	259
207	260
207	261
207	263
207	265
207	266
207	267
207	269
207	271
207	275
207	277
207	280
207	283
207	284
207	287
207	291
207	296
208	210
208	215
208	217
208	218
208	221
208	225
208	228
208	233
208	234
208	239
208	241
208	243
208	244
208	245
208	251
208	255
208	259
208	260
208	262
208	265
208	268
208	270
208	271
208	274
208	275
208	276
208	277
208	286
208	288
208	289
208	290
208	292
208	294
208	295
208	328
208	374
209	212
209	214
209	215
209	217
209	218
209	220
209	228
209	229
209	233
209	241
209	242
209	243
209	245
209	247
209	248
209	249
209	253
209	256
209	257
209	259
209	261
209	263
209	265
209	282
209	285
209	288
209	297
210	212
210	214
210	226
210	228
210	232
210	233
210	240
210	246
210	247
210	249
210	250
210	251
210	253
210	254
210	261
210	262
210	264
210	267
210	268
210	271
210	278
210	281
210	284
210	285
210	286
210	289
210	291
210	292
210	293
210	297
211	214
211	215
211	218
211	219
211	220
211	223
211	230
211	231
211	233
211	236
211	241
211	244
211	246
211	247
211	248
211	250
211	252
211	254
211	256
211	258
211	267
211	270
211	273
211	277
211	280
211	281
211	282
211	283
211	292
211	293
211	297
211	299
211	320
212	213
212	215
212	216
212	219
212	220
212	223
212	226
212	229
212	231
212	232
212	233
212	235
212	238
212	239
212	240
212	242
212	243
212	249
212	252
212	259
212	261
212	269
212	271
212	272
212	276
212	289
212	290
212	291
212	293
212	297
212	299
213	215
213	216
213	217
213	218
213	219
213	222
213	223
213	224
213	230
213	231
213	235
213	236
213	242
213	243
213	248
213	249
213	250
213	251
213	253
213	255
213	258
213	259
213	261
213	262
213	264
213	265
213	267
213	270
213	271
213	275
213	279
213	283
213	286
213	292
213	295
213	315
214	216
214	218
214	223
214	224
214	226
214	227
214	233
214	238
214	239
214	242
214	245
214	251
214	254
214	256
214	257
214	261
214	267
214	270
214	273
214	275
214	276
214	277
214	279
214	284
214	286
214	287
214	288
214	290
214	292
214	294
214	295
214	299
214	356
214	367
215	219
215	227
215	228
215	230
215	231
215	235
215	236
215	237
215	241
215	242
215	244
215	246
215	251
215	257
215	261
215	263
215	265
215	267
215	268
215	270
215	274
215	279
215	281
215	283
215	284
215	286
215	288
215	290
215	292
215	293
215	294
215	296
215	298
215	299
216	217
216	218
216	220
216	221
216	222
216	224
216	225
216	226
216	228
216	229
216	233
216	239
216	244
216	245
216	246
216	250
216	255
216	258
216	259
216	260
216	262
216	263
216	264
216	266
216	269
216	271
216	272
216	273
216	274
216	276
216	277
216	278
216	281
216	282
216	284
216	286
216	287
216	291
216	292
216	293
216	294
216	297
216	397
217	221
217	222
217	227
217	228
217	229
217	237
217	238
217	239
217	240
217	241
217	243
217	248
217	249
217	251
217	254
217	255
217	256
217	260
217	261
217	263
217	266
217	267
217	275
217	277
217	278
217	279
217	281
217	284
217	287
217	288
217	289
217	290
217	293
217	294
217	295
217	298
217	299
217	336
217	397
218	219
218	220
218	226
218	227
218	233
218	234
218	237
218	238
218	243
218	244
218	252
218	254
218	256
218	257
218	259
218	260
218	261
218	262
218	264
218	265
218	267
218	268
218	273
218	274
218	275
218	277
218	279
218	280
218	282
218	283
218	286
218	287
218	290
218	291
218	295
218	342
219	220
219	222
219	226
219	237
219	242
219	243
219	248
219	249
219	252
219	253
219	256
219	262
219	263
219	265
219	270
219	271
219	277
219	280
219	281
219	285
219	286
219	289
219	291
219	292
219	293
219	296
219	297
219	299
220	221
220	222
220	223
220	226
220	227
220	231
220	232
220	237
220	243
220	245
220	251
220	252
220	254
220	257
220	262
220	265
220	266
220	267
220	269
220	270
220	271
220	272
220	274
220	277
220	279
220	281
220	283
220	292
220	293
220	294
220	295
220	297
220	299
221	224
221	225
221	231
221	238
221	239
221	245
221	252
221	253
221	257
221	258
221	260
221	262
221	269
221	271
221	274
221	275
221	276
221	278
221	281
221	285
221	287
221	288
221	290
221	291
221	292
221	296
221	297
221	356
222	230
222	231
222	232
222	234
222	235
222	236
222	240
222	243
222	250
222	254
222	255
222	262
222	271
222	272
222	278
222	282
222	286
222	291
222	295
223	224
223	225
223	227
223	228
223	230
223	233
223	236
223	238
223	239
223	240
223	244
223	245
223	247
223	254
223	255
223	257
223	258
223	259
223	262
223	266
223	267
223	273
223	279
223	280
223	281
223	283
223	284
223	285
223	288
223	295
223	299
223	312
224	231
224	236
224	237
224	239
224	241
224	244
224	245
224	246
224	248
224	249
224	250
224	251
224	254
224	256
224	259
224	260
224	263
224	264
224	266
224	267
224	269
224	271
224	276
224	277
224	281
224	282
224	284
224	286
224	288
224	290
224	291
224	292
224	295
224	296
224	297
224	298
224	299
225	227
225	232
225	238
225	240
225	241
225	242
225	247
225	249
225	250
225	251
225	253
225	259
225	260
225	263
225	264
225	265
225	266
225	267
225	270
225	274
225	275
225	281
225	282
225	285
225	286
225	287
225	288
225	291
225	296
225	299
226	228
226	233
226	239
226	240
226	241
226	242
226	243
226	245
226	248
226	250
226	252
226	257
226	258
226	261
226	262
226	266
226	267
226	268
226	269
226	271
226	274
226	276
226	283
226	286
226	289
226	290
226	295
226	296
226	298
226	299
227	229
227	230
227	231
227	232
227	233
227	235
227	236
227	238
227	242
227	245
227	247
227	249
227	251
227	253
227	261
227	264
227	266
227	267
227	268
227	273
227	279
227	280
227	282
227	287
227	291
227	292
227	293
227	294
227	295
227	298
227	299
228	236
228	237
228	239
228	240
228	241
228	242
228	244
228	246
228	252
228	253
228	254
228	255
228	256
228	257
228	258
228	271
228	273
228	275
228	276
228	278
228	279
228	280
228	282
228	283
228	285
228	286
228	287
228	290
228	293
229	231
229	234
229	235
229	237
229	239
229	241
229	242
229	250
229	251
229	252
229	254
229	265
229	266
229	269
229	271
229	272
229	274
229	275
229	276
229	277
229	280
229	282
229	283
229	286
229	287
229	289
229	291
229	293
229	296
229	324
230	232
230	233
230	234
230	235
230	236
230	242
230	245
230	246
230	251
230	252
230	256
230	259
230	262
230	263
230	265
230	266
230	268
230	271
230	272
230	274
230	276
230	277
230	278
230	280
230	281
230	282
230	284
230	289
230	290
230	292
230	293
230	294
230	296
230	298
230	299
230	336
230	347
230	397
231	232
231	233
231	237
231	241
231	242
231	246
231	248
231	250
231	251
231	255
231	257
231	258
231	262
231	266
231	267
231	270
231	271
231	272
231	274
231	275
231	276
231	277
231	282
231	284
231	291
231	292
231	294
231	298
232	235
232	239
232	240
232	241
232	247
232	248
232	249
232	250
232	263
232	266
232	267
232	269
232	272
232	273
232	276
232	280
232	281
232	285
232	288
232	293
232	294
232	296
232	297
232	298
232	299
233	234
233	235
233	237
233	238
233	239
233	241
233	243
233	244
233	245
233	246
233	249
233	252
233	254
233	255
233	258
233	259
233	264
233	266
233	268
233	269
233	270
233	271
233	272
233	274
233	275
233	276
233	280
233	286
233	291
233	292
233	293
233	294
233	300
234	236
234	245
234	246
234	247
234	249
234	251
234	252
234	259
234	262
234	263
234	266
234	268
234	269
234	271
234	278
234	280
234	283
234	284
234	286
234	287
234	288
234	289
234	290
234	291
234	292
234	293
234	294
234	296
234	297
234	298
234	299
235	241
235	244
235	245
235	252
235	254
235	257
235	260
235	262
235	267
235	272
235	274
235	275
235	278
235	282
235	287
235	292
235	297
235	299
235	329
236	238
236	240
236	241
236	243
236	244
236	245
236	253
236	259
236	260
236	262
236	268
236	269
236	271
236	274
236	275
236	276
236	277
236	278
236	280
236	288
236	290
236	291
236	298
236	300
236	374
236	390
236	394
237	238
237	239
237	240
237	247
237	248
237	250
237	251
237	255
237	258
237	260
237	262
237	269
237	272
237	274
237	283
237	287
237	288
237	289
237	292
237	294
237	295
237	298
237	299
238	240
238	242
238	246
238	248
238	249
238	250
238	251
238	253
238	254
238	261
238	267
238	270
238	271
238	273
238	274
238	276
238	277
238	278
238	280
238	283
238	284
238	285
238	287
238	290
238	291
238	292
238	340
239	242
239	243
239	246
239	248
239	249
239	251
239	255
239	256
239	264
239	266
239	268
239	274
239	275
239	276
239	287
239	289
239	290
239	292
239	294
239	296
239	298
240	241
240	242
240	245
240	246
240	247
240	251
240	254
240	256
240	257
240	261
240	263
240	265
240	270
240	271
240	273
240	274
240	277
240	278
240	279
240	285
240	289
240	295
240	297
241	244
241	245
241	246
241	250
241	252
241	255
241	256
241	263
241	264
241	265
241	268
241	269
241	270
241	271
241	272
241	274
241	276
241	277
241	283
241	284
241	291
241	294
241	295
241	298
241	299
242	245
242	250
242	251
242	253
242	258
242	260
242	263
242	266
242	267
242	268
242	269
242	270
242	271
242	275
242	276
242	284
242	288
242	289
242	292
242	294
242	295
242	297
242	299
243	248
243	250
243	254
243	256
243	257
243	260
243	264
243	268
243	269
243	270
243	272
243	273
243	276
243	278
243	280
243	282
243	285
243	289
243	297
244	245
244	247
244	249
244	254
244	255
244	256
244	257
244	259
244	262
244	263
244	266
244	270
244	272
244	274
244	275
244	288
244	290
244	294
244	295
244	335
245	247
245	249
245	251
245	253
245	255
245	258
245	259
245	260
245	261
245	262
245	267
245	269
245	270
245	272
245	273
245	275
245	277
245	279
245	285
245	288
245	291
245	292
245	294
245	299
246	252
246	256
246	258
246	259
246	264
246	266
246	267
246	271
246	272
246	277
246	278
246	285
246	295
246	296
246	297
246	298
246	299
247	249
247	250
247	253
247	255
247	260
247	261
247	262
247	263
247	264
247	265
247	267
247	268
247	270
247	272
247	275
247	276
247	278
247	285
247	287
247	296
247	342
247	363
248	249
248	252
248	253
248	254
248	255
248	260
248	261
248	262
248	263
248	269
248	270
248	271
248	273
248	274
248	275
248	277
248	279
248	281
248	283
248	286
248	288
248	289
248	291
248	298
249	252
249	253
249	255
249	258
249	259
249	260
249	262
249	263
249	269
249	270
249	272
249	273
249	277
249	278
249	279
249	280
249	284
249	285
249	286
249	288
249	289
249	290
249	293
249	295
249	298
249	341
249	357
250	251
250	253
250	256
250	261
250	262
250	263
250	265
250	266
250	268
250	269
250	271
250	272
250	273
250	274
250	283
250	286
250	287
250	288
250	289
250	290
250	295
250	296
250	382
251	255
251	257
251	258
251	260
251	262
251	264
251	267
251	268
251	275
251	280
251	285
251	286
251	299
251	306
251	357
252	253
252	256
252	257
252	260
252	262
252	264
252	266
252	267
252	268
252	271
252	272
252	273
252	276
252	279
252	281
252	287
252	291
252	294
252	298
252	299
252	388
253	258
253	259
253	260
253	261
253	262
253	263
253	266
253	267
253	271
253	281
253	282
253	283
253	284
253	285
253	289
253	295
253	296
253	297
253	327
253	356
254	259
254	265
254	266
254	271
254	272
254	274
254	276
254	279
254	282
254	287
254	292
254	293
254	294
254	298
254	299
255	257
255	259
255	260
255	266
255	270
255	272
255	273
255	274
255	278
255	280
255	281
255	282
255	285
255	287
255	289
255	291
255	293
255	297
256	257
256	260
256	262
256	263
256	266
256	267
256	269
256	270
256	271
256	275
256	276
256	280
256	282
256	283
256	293
256	294
256	298
257	260
257	261
257	262
257	265
257	272
257	274
257	276
257	278
257	281
257	282
257	284
257	288
257	292
257	294
257	296
257	298
257	308
258	260
258	265
258	266
258	267
258	268
258	270
258	271
258	272
258	273
258	278
258	280
258	281
258	284
258	286
258	288
258	293
258	294
258	296
258	297
258	298
258	315
258	368
259	260
259	262
259	263
259	265
259	266
259	271
259	274
259	275
259	276
259	278
259	279
259	280
259	281
259	284
259	287
259	290
259	292
259	294
259	296
259	298
259	299
259	310
259	367
260	264
260	265
260	268
260	275
260	276
260	278
260	283
260	285
260	286
260	287
260	288
260	289
260	291
260	295
260	297
260	298
260	299
260	349
261	262
261	265
261	267
261	268
261	272
261	275
261	277
261	279
261	284
261	287
261	288
261	290
261	292
261	293
261	295
261	297
261	298
261	312
262	266
262	267
262	269
262	273
262	274
262	277
262	285
262	286
262	287
262	288
262	292
262	295
262	296
262	298
263	264
263	269
263	270
263	273
263	283
263	287
263	289
263	292
263	293
263	295
263	299
263	358
264	266
264	268
264	271
264	273
264	274
264	279
264	285
264	288
264	289
264	290
264	291
264	293
264	294
264	299
265	269
265	271
265	273
265	274
265	283
265	290
265	292
265	293
265	294
265	299
266	267
266	270
266	272
266	276
266	279
266	282
266	285
266	286
266	290
266	294
266	296
266	297
266	298
266	299
267	269
267	273
267	274
267	278
267	281
267	283
267	287
267	288
267	291
267	292
267	294
267	295
267	298
267	310
268	272
268	274
268	277
268	278
268	281
268	283
268	284
268	286
268	287
268	291
268	293
268	368
269	271
269	272
269	273
269	274
269	279
269	281
269	282
269	287
269	290
269	291
269	293
269	295
270	273
270	275
270	276
270	278
270	279
270	280
270	281
270	286
270	287
270	290
270	296
270	298
271	274
271	275
271	276
271	277
271	278
271	283
271	286
271	288
271	289
271	292
271	293
271	294
271	295
271	296
271	297
272	273
272	277
272	278
272	280
272	286
272	290
272	292
272	297
272	298
272	299
272	333
273	274
273	275
273	279
273	280
273	282
273	283
273	284
273	286
273	288
273	289
273	292
273	295
273	297
273	298
273	299
273	332
274	275
274	276
274	279
274	282
274	284
274	287
274	288
274	289
274	290
274	292
274	294
274	295
274	390
275	276
275	277
275	278
275	283
275	285
275	288
275	289
275	292
275	293
275	294
275	297
275	298
275	299
275	332
276	280
276	282
276	283
276	284
276	285
276	286
276	287
276	290
276	291
276	293
276	341
277	283
277	284
277	285
277	297
277	298
277	386
278	279
278	280
278	285
278	286
278	287
278	289
278	292
278	294
278	297
278	298
278	299
278	357
279	283
279	284
279	285
279	286
279	288
279	290
279	292
279	293
279	294
279	295
279	296
279	297
279	298
279	340
280	282
280	284
280	285
280	286
280	287
280	294
280	295
280	296
280	297
280	392
281	284
281	285
281	286
281	292
281	295
281	296
281	298
281	299
282	283
282	284
282	288
282	289
282	291
282	295
282	349
282	365
283	284
283	287
283	288
283	289
283	291
283	292
283	295
283	297
284	286
284	289
284	292
284	293
284	297
285	287
285	288
285	292
285	294
285	296
285	297
285	299
285	360
286	287
286	288
286	290
286	295
286	296
286	354
287	288
287	294
287	298
287	336
288	294
288	297
288	368
288	381
289	290
289	291
289	292
289	295
289	307
289	315
290	295
290	298
290	364
291	292
291	295
291	297
292	293
292	294
292	295
292	298
292	299
292	325
292	356
292	357
292	398
293	298
293	299
294	360
294	375
295	298
295	299
295	389
296	297
296	308
296	322
296	339
297	298
297	332
298	299
299	315
299	320
299	368
300	304
300	305
300	306
300	307
300	309
300	311
300	312
300	314
300	315
300	318
300	319
300	321
300	322
300	330
300	331
300	333
300	335
300	337
300	339
300	340
300	343
300	344
300	345
300	347
300	348
300	349
300	351
300	352
300	353
300	356
300	358
300	362
300	363
300	365
300	366
300	367
300	370
300	374
300	379
300	381
300	383
300	384
300	386
300	387
300	389
300	390
300	392
300	395
300	396
300	398
301	302
301	304
301	305
301	306
301	308
301	311
301	314
301	316
301	318
301	319
301	320
301	322
301	327
301	328
301	329
301	330
301	332
301	335
301	342
301	344
301	346
301	347
301	348
301	349
301	350
301	352
301	354
301	356
301	357
301	359
301	360
301	370
301	371
301	372
301	376
301	378
301	380
301	382
301	384
301	385
301	387
301	391
301	395
301	399
302	306
302	307
302	310
302	311
302	312
302	316
302	319
302	320
302	322
302	323
302	325
302	326
302	327
302	331
302	332
302	333
302	336
302	342
302	343
302	344
302	345
302	349
302	351
302	352
302	353
302	357
302	362
302	364
302	365
302	367
302	369
302	371
302	373
302	379
302	380
302	381
302	383
302	394
302	395
302	399
303	307
303	309
303	310
303	311
303	319
303	321
303	322
303	323
303	324
303	325
303	328
303	330
303	331
303	333
303	334
303	336
303	337
303	340
303	347
303	348
303	350
303	351
303	352
303	355
303	356
303	358
303	362
303	365
303	368
303	374
303	378
303	380
303	383
303	384
303	385
303	388
303	389
303	390
303	391
303	392
303	395
303	396
304	306
304	307
304	312
304	313
304	316
304	317
304	319
304	320
304	322
304	323
304	330
304	335
304	337
304	339
304	342
304	347
304	348
304	349
304	352
304	355
304	356
304	357
304	360
304	361
304	363
304	364
304	365
304	366
304	368
304	375
304	376
304	377
304	378
304	379
304	380
304	383
304	392
304	395
304	399
305	306
305	307
305	308
305	311
305	312
305	313
305	314
305	315
305	319
305	321
305	324
305	328
305	329
305	331
305	334
305	338
305	345
305	347
305	349
305	352
305	353
305	355
305	356
305	359
305	360
305	363
305	364
305	365
305	367
305	368
305	369
305	370
305	371
305	372
305	373
305	375
305	376
305	377
305	378
305	380
305	382
305	383
305	385
305	386
305	391
305	394
305	395
305	396
305	397
306	307
306	308
306	311
306	314
306	315
306	316
306	317
306	322
306	327
306	328
306	329
306	331
306	334
306	335
306	342
306	343
306	344
306	346
306	349
306	351
306	353
306	355
306	357
306	360
306	363
306	365
306	370
306	371
306	372
306	373
306	374
306	375
306	376
306	378
306	380
306	381
306	384
306	387
306	388
306	390
306	391
306	392
306	395
306	396
306	398
307	308
307	311
307	318
307	319
307	322
307	323
307	324
307	326
307	328
307	329
307	333
307	339
307	340
307	341
307	344
307	349
307	350
307	351
307	352
307	355
307	357
307	359
307	361
307	363
307	365
307	367
307	368
307	369
307	370
307	372
307	375
307	376
307	378
307	380
307	383
307	384
307	386
307	391
307	392
307	393
307	394
307	396
307	397
307	398
308	309
308	312
308	313
308	316
308	318
308	319
308	322
308	324
308	327
308	331
308	332
308	333
308	339
308	341
308	342
308	343
308	344
308	346
308	349
308	350
308	354
308	355
308	356
308	357
308	358
308	359
308	363
308	365
308	366
308	371
308	375
308	377
308	383
308	387
308	391
308	392
308	393
308	394
308	398
309	311
309	313
309	314
309	316
309	320
309	324
309	325
309	326
309	328
309	331
309	332
309	333
309	344
309	349
309	364
309	365
309	366
309	368
309	369
309	375
309	376
309	377
309	381
309	382
309	383
309	385
309	389
309	390
309	393
309	396
309	398
309	399
310	312
310	313
310	314
310	317
310	318
310	323
310	326
310	331
310	336
310	337
310	339
310	342
310	343
310	345
310	346
310	347
310	348
310	349
310	352
310	355
310	358
310	360
310	361
310	364
310	367
310	370
310	372
310	377
310	378
310	385
310	386
310	389
310	390
310	392
310	394
311	312
311	316
311	317
311	318
311	323
311	327
311	328
311	330
311	331
311	332
311	333
311	334
311	336
311	338
311	340
311	341
311	342
311	344
311	348
311	351
311	352
311	354
311	359
311	360
311	369
311	370
311	371
311	372
311	375
311	380
311	381
311	382
311	385
311	386
311	387
311	388
311	392
311	395
311	397
311	398
311	399
312	317
312	318
312	321
312	322
312	323
312	324
312	327
312	331
312	334
312	338
312	339
312	341
312	343
312	344
312	346
312	347
312	348
312	349
312	353
312	356
312	357
312	358
312	362
312	363
312	367
312	374
312	376
312	380
312	383
312	384
312	387
312	388
312	390
312	396
312	397
312	398
312	399
313	315
313	320
313	321
313	324
313	325
313	327
313	329
313	330
313	331
313	333
313	339
313	340
313	341
313	347
313	348
313	352
313	354
313	356
313	362
313	366
313	368
313	370
313	371
313	373
313	374
313	376
313	378
313	383
313	384
313	387
313	392
313	398
314	319
314	320
314	321
314	324
314	326
314	332
314	333
314	334
314	335
314	340
314	344
314	349
314	353
314	354
314	360
314	367
314	368
314	374
314	377
314	382
314	383
314	388
314	389
314	391
314	392
314	397
314	399
315	316
315	317
315	325
315	329
315	331
315	333
315	335
315	342
315	345
315	353
315	354
315	358
315	359
315	362
315	364
315	369
315	370
315	372
315	377
315	379
315	383
315	384
315	385
315	389
315	390
315	394
315	395
315	396
315	397
315	398
315	399
316	318
316	320
316	322
316	323
316	325
316	326
316	329
316	332
316	337
316	341
316	346
316	349
316	351
316	352
316	353
316	355
316	356
316	358
316	361
316	362
316	363
316	365
316	367
316	369
316	370
316	371
316	372
316	373
316	375
316	377
316	379
316	380
316	381
316	382
316	384
316	386
316	388
316	389
316	390
316	393
316	395
316	396
316	398
317	319
317	321
317	323
317	326
317	327
317	329
317	331
317	332
317	337
317	341
317	342
317	345
317	346
317	347
317	348
317	353
317	356
317	357
317	358
317	360
317	365
317	366
317	367
317	368
317	371
317	373
317	377
317	383
317	384
317	385
317	387
317	389
317	391
317	398
318	319
318	322
318	323
318	324
318	327
318	329
318	331
318	334
318	338
318	339
318	340
318	341
318	342
318	343
318	344
318	345
318	346
318	350
318	354
318	357
318	360
318	362
318	363
318	372
318	377
318	382
318	384
318	388
318	389
318	390
318	392
318	393
318	396
318	398
318	399
319	322
319	323
319	332
319	333
319	334
319	337
319	341
319	342
319	344
319	346
319	347
319	349
319	352
319	354
319	355
319	357
319	359
319	363
319	365
319	367
319	369
319	375
319	376
319	379
319	380
319	384
319	388
319	390
319	394
319	397
319	399
320	321
320	323
320	324
320	326
320	329
320	335
320	338
320	339
320	343
320	344
320	348
320	351
320	353
320	355
320	356
320	357
320	358
320	361
320	363
320	366
320	367
320	370
320	372
320	373
320	375
320	376
320	378
320	381
320	382
320	383
320	385
320	389
320	390
320	391
320	395
320	396
320	399
321	324
321	327
321	329
321	330
321	331
321	333
321	335
321	336
321	337
321	338
321	339
321	345
321	346
321	350
321	351
321	352
321	353
321	355
321	359
321	360
321	361
321	364
321	365
321	366
321	369
321	379
321	380
321	382
321	386
321	389
321	393
321	394
321	397
322	325
322	327
322	328
322	332
322	333
322	335
322	336
322	340
322	341
322	343
322	345
322	346
322	347
322	350
322	351
322	355
322	356
322	357
322	363
322	365
322	367
322	368
322	371
322	372
322	373
322	374
322	376
322	379
322	381
322	384
322	385
322	389
322	390
322	398
323	324
323	327
323	328
323	329
323	334
323	336
323	337
323	343
323	344
323	345
323	346
323	357
323	358
323	363
323	368
323	369
323	372
323	373
323	379
323	381
323	383
323	385
323	386
323	387
323	388
323	389
323	391
323	393
323	394
323	395
324	331
324	332
324	333
324	334
324	337
324	339
324	340
324	349
324	351
324	352
324	353
324	355
324	356
324	357
324	359
324	364
324	367
324	368
324	369
324	371
324	374
324	375
324	376
324	377
324	384
324	386
324	389
324	391
324	393
324	399
325	329
325	333
325	334
325	337
325	339
325	340
325	347
325	350
325	352
325	353
325	354
325	355
325	363
325	364
325	367
325	373
325	375
325	377
325	380
325	381
325	383
325	385
325	388
325	392
325	393
325	394
326	327
326	330
326	332
326	336
326	339
326	344
326	346
326	348
326	356
326	358
326	360
326	362
326	363
326	365
326	367
326	368
326	371
326	372
326	374
326	377
326	378
326	380
326	381
326	393
326	398
327	330
327	331
327	337
327	340
327	347
327	348
327	353
327	354
327	364
327	366
327	367
327	370
327	372
327	373
327	375
327	377
327	378
327	380
327	384
327	388
327	398
328	329
328	330
328	332
328	343
328	346
328	348
328	352
328	354
328	355
328	356
328	357
328	362
328	363
328	364
328	365
328	367
328	372
328	375
328	376
328	377
328	378
328	380
328	381
328	382
328	394
328	398
329	332
329	334
329	336
329	346
329	347
329	348
329	350
329	355
329	362
329	363
329	368
329	371
329	372
329	373
329	375
329	378
329	380
329	384
329	386
329	389
329	391
329	395
329	397
329	398
330	341
330	342
330	344
330	345
330	346
330	347
330	348
330	355
330	356
330	357
330	359
330	360
330	367
330	369
330	371
330	378
330	379
330	380
330	382
330	385
330	387
330	388
330	391
330	396
331	334
331	339
331	342
331	344
331	347
331	349
331	352
331	353
331	355
331	361
331	362
331	363
331	367
331	368
331	369
331	376
331	381
331	382
331	387
331	392
331	397
331	398
332	334
332	335
332	336
332	337
332	342
332	344
332	350
332	356
332	357
332	360
332	361
332	362
332	363
332	364
332	365
332	366
332	368
332	371
332	373
332	384
332	386
332	389
332	390
332	391
332	392
332	396
332	397
332	399
333	336
333	338
333	339
333	345
333	350
333	352
333	356
333	360
333	364
333	365
333	366
333	370
333	377
333	378
333	380
333	381
333	382
333	384
333	392
333	394
333	396
333	397
333	398
333	399
334	340
334	341
334	344
334	349
334	351
334	352
334	353
334	354
334	355
334	358
334	362
334	363
334	367
334	369
334	375
334	379
334	383
334	386
334	391
334	394
334	398
335	337
335	338
335	341
335	344
335	345
335	346
335	347
335	348
335	349
335	351
335	354
335	361
335	364
335	369
335	376
335	377
335	378
335	379
335	380
335	383
335	385
335	386
335	393
335	395
335	399
336	342
336	343
336	345
336	355
336	357
336	358
336	359
336	363
336	364
336	375
336	376
336	384
336	392
336	393
336	395
336	397
336	398
336	399
337	338
337	339
337	342
337	343
337	346
337	348
337	349
337	357
337	359
337	362
337	363
337	377
337	382
337	385
337	387
337	389
337	390
337	392
337	395
337	396
337	397
338	341
338	342
338	345
338	347
338	350
338	351
338	359
338	363
338	367
338	377
338	378
338	381
338	382
338	383
338	386
338	389
338	390
338	392
338	393
338	395
338	396
338	397
339	340
339	341
339	342
339	343
339	344
339	347
339	352
339	354
339	360
339	363
339	364
339	366
339	367
339	368
339	371
339	373
339	375
339	376
339	377
339	380
339	382
339	383
339	385
339	386
339	387
339	389
339	391
339	394
339	397
340	343
340	347
340	349
340	352
340	353
340	354
340	361
340	362
340	364
340	368
340	370
340	371
340	373
340	374
340	376
340	378
340	379
340	381
340	383
340	385
340	392
340	395
340	396
340	399
341	347
341	348
341	349
341	350
341	351
341	353
341	357
341	358
341	360
341	361
341	369
341	372
341	373
341	380
341	381
341	383
341	384
341	389
341	390
341	391
341	394
341	397
342	343
342	350
342	351
342	352
342	356
342	359
342	360
342	361
342	374
342	378
342	380
342	382
342	383
342	387
342	388
342	389
342	390
342	397
342	399
343	345
343	349
343	350
343	353
343	355
343	356
343	357
343	358
343	359
343	360
343	363
343	365
343	368
343	369
343	370
343	372
343	375
343	376
343	377
343	378
343	380
343	382
343	383
343	389
343	390
343	391
343	393
343	395
343	398
344	345
344	347
344	351
344	354
344	355
344	361
344	362
344	368
344	369
344	371
344	372
344	374
344	375
344	378
344	382
344	385
344	387
344	394
344	396
344	397
344	398
345	349
345	350
345	353
345	358
345	360
345	362
345	363
345	367
345	368
345	369
345	378
345	380
345	381
345	384
345	385
345	387
345	390
345	393
345	395
345	399
346	348
346	349
346	351
346	356
346	358
346	359
346	361
346	365
346	372
346	373
346	374
346	376
346	377
346	385
346	386
346	387
346	389
346	391
346	392
346	397
347	350
347	351
347	353
347	355
347	356
347	363
347	364
347	365
347	366
347	370
347	371
347	372
347	374
347	375
347	377
347	378
347	380
347	382
347	384
347	386
347	387
347	388
347	390
347	395
347	396
347	397
348	349
348	353
348	360
348	362
348	365
348	367
348	370
348	372
348	373
348	378
348	381
348	383
348	385
348	386
348	387
348	388
348	389
348	394
348	395
348	398
349	354
349	356
349	359
349	360
349	366
349	368
349	370
349	371
349	375
349	381
349	383
349	384
349	385
349	386
349	392
349	396
350	351
350	352
350	355
350	357
350	359
350	360
350	364
350	368
350	370
350	377
350	379
350	380
350	381
350	382
350	383
350	384
350	385
350	389
350	390
350	392
350	394
350	395
350	397
350	398
350	399
351	356
351	360
351	363
351	364
351	365
351	368
351	369
351	370
351	372
351	373
351	374
351	375
351	376
351	381
351	382
351	383
351	388
351	389
351	391
351	392
351	393
351	394
351	395
351	396
351	397
351	398
352	355
352	358
352	360
352	361
352	364
352	365
352	367
352	369
352	370
352	372
352	373
352	377
352	378
352	380
352	393
352	397
352	398
353	356
353	357
353	360
353	361
353	362
353	364
353	368
353	371
353	372
353	374
353	376
353	378
353	380
353	382
353	384
353	385
353	387
353	390
353	392
353	395
354	357
354	359
354	362
354	363
354	366
354	370
354	373
354	384
354	386
354	387
354	388
354	389
354	391
354	393
354	399
355	356
355	357
355	360
355	362
355	363
355	364
355	367
355	368
355	369
355	371
355	372
355	374
355	376
355	381
355	386
355	389
355	392
355	394
355	396
355	397
355	398
356	361
356	366
356	367
356	369
356	372
356	377
356	380
356	383
356	384
356	385
356	388
356	389
356	390
356	393
356	394
356	395
356	396
356	397
357	358
357	359
357	366
357	367
357	372
357	374
357	376
357	380
357	381
357	382
357	385
357	386
357	387
357	389
357	394
357	397
358	364
358	369
358	374
358	375
358	377
358	382
358	384
358	386
358	391
358	392
358	393
358	396
358	398
358	399
359	361
359	362
359	365
359	366
359	367
359	368
359	369
359	371
359	373
359	374
359	375
359	376
359	378
359	379
359	381
359	382
359	383
359	385
359	386
359	389
359	390
359	393
359	399
360	367
360	368
360	369
360	371
360	373
360	378
360	379
360	380
360	384
360	387
360	390
360	391
360	394
360	395
361	363
361	366
361	369
361	371
361	374
361	376
361	377
361	379
361	381
361	384
361	389
361	391
361	392
361	393
361	394
361	396
362	367
362	368
362	372
362	377
362	379
362	380
362	381
362	382
362	383
362	385
362	387
362	389
362	391
362	394
362	395
362	396
362	398
362	399
363	366
363	367
363	369
363	371
363	373
363	374
363	375
363	376
363	378
363	383
363	386
363	390
363	393
363	396
364	369
364	371
364	373
364	374
364	376
364	377
364	381
364	387
364	390
364	394
364	398
365	366
365	368
365	376
365	379
365	390
365	391
365	393
366	367
366	368
366	369
366	372
366	373
366	376
366	378
366	379
366	381
366	383
366	384
366	387
366	389
366	393
366	397
366	399
367	368
367	371
367	372
367	373
367	376
367	383
367	386
367	387
367	389
367	393
367	395
367	397
367	398
368	371
368	374
368	376
368	378
368	381
368	385
368	390
368	392
368	394
368	395
368	396
368	397
368	399
369	370
369	374
369	381
369	384
369	387
369	390
369	393
369	394
369	396
369	397
370	372
370	373
370	377
370	379
370	384
370	385
370	387
370	388
370	392
370	393
370	396
370	398
370	399
371	372
371	374
371	376
371	379
371	380
371	382
371	386
371	388
371	393
371	395
371	398
372	374
372	378
372	381
372	382
372	383
372	386
372	389
372	390
372	393
372	395
372	397
372	398
373	374
373	375
373	376
373	377
373	379
373	380
373	383
373	388
373	389
373	391
373	392
373	396
373	397
374	375
374	376
374	377
374	382
374	383
374	385
374	388
374	389
374	390
374	391
374	396
375	376
375	379
375	381
375	383
375	384
375	388
375	389
375	390
375	391
375	393
375	396
376	378
376	380
376	381
376	382
376	386
376	388
376	389
376	392
376	395
376	397
377	379
377	381
377	382
377	385
377	386
377	392
377	393
377	397
377	399
378	381
378	382
378	383
378	384
378	385
378	386
378	387
378	388
378	391
378	392
378	393
378	395
378	396
378	397
378	398
378	399
379	381
379	382
379	383
379	384
379	385
379	388
379	389
379	392
379	397
380	381
380	382
380	385
380	388
380	390
380	392
380	393
380	396
380	398
380	399
381	382
381	383
381	386
381	387
381	391
381	392
381	394
381	395
381	396
382	383
382	385
382	386
382	389
382	390
382	391
382	394
382	395
382	397
382	399
383	385
383	386
383	389
383	391
383	393
383	396
383	397
383	399
384	385
384	389
384	390
384	394
384	395
385	387
385	388
385	392
385	393
385	394
385	395
385	397
385	399
386	387
386	390
386	391
386	394
386	396
386	397
387	390
387	391
387	395
387	397
387	399
388	392
388	393
388	397
388	398
388	399
389	390
389	391
389	393
389	394
389	398
390	398
390	399
391	394
391	396
391	399
392	396
392	397
392	399
393	395
393	396
393	398
393	399
394	396
394	397
394	398
395	396
395	397
396	397
396	398
396	399
397	398
398	399
